bu_naam;parkeren_pct;auto_pct;voet_pct;fiets_pct
BU02140109Beusichem en Zoelmond;0.05;0.90;0.05;0.01
BU02210110IJssel en Oude IJssel;0.01;0.44;0.11;0.45
BU02284032De Veenen;0.00;0.95;0.03;0.03
BU02250301Deest;0.10;0.63;0.27;0.00
BU02287031Westeneng;0.00;0.90;0.01;0.10
BU02300306Doornspijk-West;0.01;0.94;0.03;0.02
BU02320108Oene;0.01;0.95;0.01;0.02
BU02360403Meteren e.o.;0.01;0.95;0.03;0.01
BU02430805Vogelwaard;0.07;0.56;0.20;0.17
BU02431301Lorentz I;0.09;0.71;0.11;0.08
BU02431503Hierden Mheenlanden;0.03;0.87;0.02;0.08
BU02620309Boschheurne en Zwiepsche Broek;0.00;0.85;0.03;0.12
BU02670108Zilverschoon/Oranjebuurt;0.10;0.54;0.30;0.07
BU02670503Hoevelaken-Kleinhoven;0.09;0.60;0.21;0.10
BU02770009Imbosch en Terlet;0.01;0.24;0.68;0.06
BU02790009ten noorden van Scherpenzeel;0.05;0.84;0.06;0.06
BU02850108Nijbroek;0.00;0.93;0.00;0.07
BU02891201Het Binnenveld;0.02;0.85;0.03;0.10
BU02891203Wageningse Berg;0.01;0.55;0.22;0.22
BU02891205Uiterwaarden;0.00;0.91;0.00;0.09
BU02940104Meddo;0.00;0.94;0.02;0.03
BU02960601Leur;0.00;0.80;0.20;0.00
BU02960301Batenburg;0.00;0.96;0.01;0.03
BU02960402Bergharen;0.02;0.92;0.05;0.02
BU03030550Buitengebied Dronten;0.00;0.79;0.04;0.16
BU03030720Buitengebied Swifterbant;0.01;0.87;0.02;0.10
BU03071202Stoutenburgerlaan;0.01;0.92;0.07;0.00
BU03100101Westbroek;0.04;0.85;0.04;0.07
BU03130002Spakenburg;0.11;0.56;0.30;0.03
BU03211231Houten;0.14;0.47;0.30;0.09
BU03611003De Rijp;0.17;0.53;0.28;0.02
BU03620603Boekenbuurt;0.12;0.46;0.37;0.05
BU03400601Binnenveld;0.02;0.81;0.08;0.09
BU03420404Eemgebied;0.07;0.90;0.02;0.01
BU03420702De Birkt;0.02;0.90;0.01;0.07
BU03440526Maarschalkerweerd en Mereveld;0.07;0.75;0.13;0.05
BU03441041Rijnenburg;0.01;0.96;0.01;0.02
BU03520201Buitengebied Cothen;0.03;0.90;0.04;0.04
BU03550101Carré;0.11;0.29;0.54;0.06
BU03550201Patijnpark;0.10;0.52;0.37;0.01
BU03633101Noordwestkwadrant Indische buurt Zuid;0.17;0.29;0.51;0.04
BU03550503Bosch en Duin;0.04;0.74;0.11;0.11
BU03580005Uiterweg;0.03;0.79;0.18;0.00
BU03621005Galjoenbuurt;0.15;0.48;0.32;0.05
BU03621301Nes aan de Amstel;0.05;0.67;0.20;0.08
BU03630901Kattenburg;0.03;0.17;0.66;0.15
BU03633400Zeeburgereiland Noordwest;0.01;0.87;0.07;0.05
BU03632502Lizzy Ansinghbuurt;0.10;0.34;0.49;0.07
BU03632503Cornelis Troostbuurt;0.17;0.31;0.46;0.05
BU03632800Oosterparkbuurt Noordwest;0.10;0.36;0.45;0.08
BU03633202Zeeburgerdijk Oost;0.05;0.49;0.35;0.11
BU03635206Veluwebuurt;0.06;0.46;0.46;0.03
BU03636900Rode Kruisbuurt;0.08;0.47;0.32;0.13
BU03638500Oostoever Sloterplas;0.12;0.32;0.45;0.10
BU03639201Amstel III deel A/B Noord;0.17;0.53;0.24;0.07
BU03639206Hoge Dijk;0.07;0.63;0.13;0.17
BU03639404Kelbergen;0.12;0.42;0.39;0.07
BU03639412G-buurt Noord;0.15;0.24;0.51;0.10
BU03639800Dorp Driemond;0.11;0.52;0.32;0.05
BU03730709in de polders;0.02;0.85;0.04;0.09
BU03750902Wijkerbroek;0.02;0.79;0.06;0.12
BU03760102Blaricum-Dorp;0.04;0.79;0.11;0.06
BU03760106De Kampen;0.00;1.00;0.00;0.00
BU03830431Duingebied;0.10;0.61;0.25;0.04
BU03840012Stammerdijk;0.04;0.75;0.15;0.06
BU03850201Volendam-Oude kom;0.16;0.51;0.32;0.01
BU03880103Oosterdijk;0.00;0.93;0.00;0.07
BU03940349Zwanenburg Dijk;0.09;0.71;0.19;0.02
BU03940781Rijsenhout Dijk;0.09;0.72;0.19;0.00
BU03941295Zwaanshoek Omgeving;0.01;0.64;0.08;0.27
BU03960400De Houtwegen;0.24;0.55;0.13;0.08
BU03980100Schrijverswijk;0.11;0.49;0.34;0.05
BU03960900Hoogdorp;0.08;0.54;0.28;0.09
BU04060512Wolfskamer;0.28;0.40;0.28;0.04
BU03981701Stad van de Zon;0.10;0.54;0.35;0.01
BU04150000Landsmeer;0.07;0.51;0.29;0.13
BU04160000Oudkarspel;0.05;0.74;0.17;0.05
BU04370001Duivendrecht;0.10;0.56;0.26;0.08
BU04570903Weespersluis;0.06;0.67;0.13;0.14
BU04843101Noordpolder;0.02;0.70;0.08;0.19
BU04980309Zuiderdijk;0.01;0.98;0.00;0.00
BU04980500Schellinkhout;0.05;0.79;0.10;0.07
BU05020111Redebuurt;0.14;0.36;0.43;0.06
BU05020551Beemster/Purmerhoek;0.19;0.43;0.33;0.05
BU05020555Amerikaansebuurt;0.11;0.34;0.46;0.09
BU05032204Aziëbuurt;0.17;0.33;0.42;0.08
BU05050700Admiraalsplein;0.15;0.30;0.50;0.05
BU05121300Hoog Dalem;0.15;0.55;0.24;0.05
BU05470009Elizabethhof;0.15;0.55;0.22;0.09
BU05181786Houtwijk;0.14;0.36;0.44;0.06
BU05181953Vruchtenbuurt;0.15;0.36;0.45;0.05
BU05300000De Vesting;0.12;0.30;0.59;0.00
BU05300001Glaciswijk;0.12;0.42;0.42;0.04
BU05183637Moerwijk-West;0.09;0.44;0.41;0.06
BU05230002Giessendam;0.09;0.68;0.19;0.05
BU05370501Strand;0.03;0.33;0.59;0.05
BU05300900Duinhoeck;0.07;0.87;0.02;0.05
BU05300901Buitengebied;0.00;0.91;0.02;0.07
BU05450006Kedichem;NULL;NULL;NULL;NULL
BU05690209in het Oosten;0.00;0.88;0.03;0.08
BU05880209Overige verspreide huizen Goudswaard;0.04;0.84;0.05;0.07
BU05890213Ruige weide;NULL;NULL;NULL;NULL
BU05970100Centrum;0.13;0.47;0.36;0.04
BU05971000Donkersloot;0.13;0.63;0.15;0.09
BU05990110Stadsdriehoek;0.06;0.33;0.55;0.06
BU05991283Oud IJsselmonde;0.15;0.47;0.32;0.06
BU06220101Indische Buurt;0.07;0.54;0.31;0.08
BU06540202Borssele;0.01;0.91;0.05;0.03
BU06320703Buitengebied Kamerik;0.02;0.81;0.05;0.13
BU01411909Nijrees;0.13;0.67;0.18;0.02
BU06540402Ellewoutsdijk;0.00;1.00;0.00;0.00
BU06541102Oudelande;0.00;0.96;0.02;0.01
BU06640889Wolphaartsdijk;0.01;0.88;0.03;0.08
BU06770828Buitengebied Kloosterzande;0.03;0.89;0.02;0.06
BU06770932Kruispolder;0.01;0.98;0.00;0.00
BU06780009Kapelle;0.01;0.89;0.01;0.09
BU07030000Yerseke - Kern;0.12;0.60;0.27;0.02
BU07070601Middelkoop;0.00;0.73;0.00;0.27
BU07170000Veere;0.18;0.51;0.26;0.04
BU07155800Buitengebied Sas van Gent;0.03;0.87;0.03;0.08
BU07160209Scherpenisse;0.01;0.96;0.01;0.02
BU07160609Oud-Vossemeer;0.00;0.93;0.01;0.06
BU07170509in het Noorden;0.15;0.76;0.03;0.07
BU07171109Zoutelande;0.05;0.69;0.14;0.11
BU07180302Westduin;0.18;0.31;0.12;0.39
BU07180800Sloegebied;0.07;0.88;0.00;0.05
BU07360404Vinkeveen Buitengebied;0.00;0.84;0.09;0.07
BU07360703Abcoude Buitengebied;0.01;0.89;0.02;0.08
BU07360802Baambrugge Buitengebied;0.00;0.94;0.00;0.05
BU07580506Hazeldonk;0.05;0.89;0.05;0.01
BU07580709Buitengebied Bavel;0.01;0.90;0.04;0.05
BU07660105Centrum;0.16;0.52;0.31;0.01
BU07700409Wintelre;0.01;0.88;0.03;0.07
BU07721337Koudenhoven;0.06;0.62;0.15;0.16
BU07771203Landelijk gebied 4 (Noord);0.00;0.79;0.01;0.20
BU07941500West;0.10;0.54;0.31;0.05
BU07941501Houtsdonk;0.07;0.65;0.18;0.10
BU07941709Geeneind;0.02;0.90;0.03;0.05
BU07942901Hoogeind;0.04;0.81;0.02;0.13
BU08280104Roofvogelbuurt;0.10;0.52;0.31;0.06
BU08280702Hoefeind;0.11;0.62;0.24;0.03
BU08556710Buitengebied Udenhout Noord;0.00;0.69;0.01;0.30
BU08580009Turfbergse Heide Nederheide;0.01;0.89;0.02;0.08
BU08610009ten zuiden van de E3-weg;0.06;0.82;0.04;0.09
BU08700196Spie Deen;0.05;0.48;0.23;0.24
BU08890000Reuver;0.09;0.62;0.26;0.03
BU08930662Well Buitengebied;0.03;0.55;0.35;0.07
BU09173903Schiffelerveld;0.26;0.42;0.27;0.05
BU09350105Sint Pieter;0.08;0.61;0.26;0.05
BU09350406Amby;0.06;0.67;0.24;0.03
BU09570900Maasplassen;0.08;0.82;0.02;0.07
BU09510003Vaesrade;0.06;0.73;0.11;0.10
BU09510301Haasdal;0.07;0.81;0.08;0.04
BU09620009Verspreide huizen;0.01;0.67;0.23;0.08
BU09650009Verspreide huizen;0.07;0.80;0.05;0.07
BU17060308Hugten;0.02;0.92;0.00;0.07
BU09952551Houtribhoogte Zuid;0.20;0.51;0.26;0.02
BU09952552Houtribhoogte Noord;0.07;0.71;0.13;0.09
BU09940007Plenkert;0.18;0.48;0.32;0.02
BU09940008Euverem;0.01;0.57;0.42;0.00
BU09940403Geulhem;0.14;0.65;0.22;0.00
BU09957887Larservaartbos;0.00;0.79;0.00;0.21
BU15810102Landelijk Gebied zuidzijde;0.00;0.88;0.07;0.05
BU15810302Overberg en De Haar;0.01;0.96;0.02;0.01
BU15810409in de Geldersche Vallei;0.01;0.86;0.09;0.04
BU15980200Zuidermeer en omgeving;0.03;0.92;0.05;0.00
BU16400501Haelen;0.01;0.90;0.03;0.06
BU16401201Haler;0.00;0.92;0.00;0.08
BU16510108Eemshavengebied;0.07;0.76;0.14;0.04
BU16400000Kern Heythuysen;0.11;0.60;0.25;0.05
BU16400201Roggel;0.01;0.92;0.02;0.04
BU16400300Kern Neer;0.09;0.69;0.18;0.04
BU16400801Baexem;0.00;0.92;0.00;0.08
BU16401401Neeritter;0.06;0.88;0.01;0.05
BU16550409ten noorden van Hoeven;0.01;0.92;0.06;0.01
BU16690101Montfort;0.06;0.64;0.28;0.02
BU16690109Buitengebied Montfort;0.01;0.83;0.13;0.03
BU16690409Buitengebied Posterholt;0.03;0.89;0.05;0.04
BU16690509Buitengebied Herkenbosch;0.06;0.60;0.29;0.05
BU16761009Kerkwerve;0.01;0.85;0.01;0.13
BU16760309Dreischor;0.01;0.94;0.03;0.03
BU16761208in het Kleigebied;0.01;0.95;0.01;0.03
BU16761509Serooskerke;0.00;0.80;0.06;0.14
BU16800509Schipborg;0.00;0.91;0.05;0.04
BU16801909Rolde;0.00;0.82;0.10;0.07
BU16811609Valthermond;0.00;0.88;0.04;0.08
BU16840419Beers buitengebied;0.02;0.89;0.02;0.07
BU16901009Ansen;0.00;0.93;0.01;0.06
BU16960300Oud-Loosdrecht;0.19;0.58;0.11;0.12
BU16960500Breukeleveen;0.11;0.75;0.14;0.00
BU02280402De Bossen;0.14;0.53;0.30;0.03
BU17000307Buurtschap Meer;0.02;0.88;0.02;0.08
BU17010809Havelte;0.02;0.88;0.03;0.07
BU17010909Uffelte;0.00;0.87;0.02;0.11
BU17090900Willemstad;0.13;0.47;0.34;0.07
BU17080809Leeuwte (gedeeltelijk);0.04;0.96;0.00;0.00
BU17090303Industrieterrein Moerdijk;0.07;0.84;0.02;0.07
BU17090309Klundert;0.00;0.88;0.04;0.08
BU17110313Heide;0.01;0.81;0.01;0.17
BU17110103Mariaveld;0.10;0.56;0.33;0.01
BU17110104Middelveld;0.11;0.52;0.31;0.06
BU17110209Dieteren;0.07;0.63;0.30;0.00
BU17110547Buitengebied de Berk;0.11;0.52;0.15;0.22
BU17140701Cadzand-Bad;0.14;0.56;0.14;0.17
BU17190409Lage Zwaluwe;0.00;0.80;0.05;0.14
BU17290509Verspreide huizen;0.04;0.91;0.05;0.00
BU17220109Hallum;0.01;0.92;0.00;0.07
BU17230209Strijbeek;0.00;0.90;0.00;0.10
BU17240001Broekstraat-Hoek-Lijnt-Eijkereind;0.01;0.67;0.02;0.30
BU17240006Kept e.o.;0.15;0.60;0.25;0.00
BU18951009Nieuwolda;0.01;0.92;0.01;0.06
BU17300809Eelderwolde;0.10;0.69;0.10;0.11
BU17310209Hooghalen;0.01;0.90;0.02;0.07
BU17310601Smilde-Noord;0.01;0.83;0.04;0.12
BU17350206Markelerbroek;0.00;0.98;0.00;0.01
BU17400107Echteld;0.01;0.93;0.01;0.05
BU17400008Opheusden;0.01;0.93;0.01;0.05
BU17730728Buitengebied Den Nul;0.02;0.92;0.05;0.01
BU17731233Herxen;0.03;0.89;0.03;0.06
BU17741099Buitengebied Denekamp;0.00;0.91;0.01;0.08
BU17741599Buitengebied Ootmarsum-West;0.02;0.71;0.07;0.20
BU17741699Weerselo;0.00;0.94;0.01;0.05
BU17741899Saasveld;0.00;0.92;0.01;0.06
BU17830521Kust Monster;0.09;0.22;0.09;0.59
BU18420005Negenhuizen en Zouteveen;0.02;0.72;0.12;0.14
BU18590007Geesteren;0.00;0.90;0.03;0.07
BU19041213Antilopespoor;0.18;0.35;0.39;0.07
BU00140812De Kring;0.09;0.59;0.32;0.00
BU18590309Neede;0.01;0.86;0.03;0.10
BU18760103Zelhem;0.01;0.85;0.06;0.08
BU18760207Linde Mossel en Wildenborch;0.00;0.93;0.02;0.05
BU18840109Overige verspreide huizen;0.05;0.87;0.05;0.03
BU18910108Driezum;0.01;0.80;0.15;0.04
BU18920207Recreatiepark De Korenmolen;0.22;0.68;0.10;0.00
BU18960310Streukel-Holten-Genne;0.00;0.86;0.01;0.13
BU18960409Landelijk gebied Zwartsluis;0.00;0.93;0.01;0.06
BU19000202Hindeloopen;0.15;0.56;0.27;0.02
BU19000208Workum;0.13;0.79;0.03;0.05
BU19001503Kornwerderzand;0.00;0.86;0.01;0.12
BU19001809Gaast;NULL;NULL;NULL;NULL
BU19002014Kûbaard;0.00;0.97;0.02;0.01
BU19040101Maarsseveen;0.13;0.52;0.23;0.12
BU19040107Omgeving Goudestein;0.12;0.50;0.38;0.00
BU19040110Centrum ten zuiden van de Vecht;0.13;0.43;0.37;0.07
BU19110408Oeverpolder;0.00;0.95;0.01;0.04
BU19040401Polder Oukoop;0.00;0.98;0.01;0.01
BU19040301Polder Holland;0.05;0.63;0.14;0.18
BU19040302Polder Garsten;0.00;0.99;0.00;0.01
BU19040503Polder Spengen;0.03;0.81;0.10;0.06
BU19040703Tienhoven-Oud Maarsseveen;0.06;0.78;0.07;0.09
BU19040903Polder Sticht;0.01;0.87;0.11;0.01
BU19040905Nieuwersluis;0.07;0.81;0.11;0.00
BU19041201Verbindingswegen;0.02;0.92;0.02;0.05
BU19110405Stroe;0.00;0.99;0.00;0.01
BU19110509Kreileroord;0.00;0.86;0.07;0.07
BU19110702Buitengebied Wieringerwaard;0.00;0.95;0.00;0.04
BU19240204Stellendam haven;0.11;0.80;0.05;0.05
BU19240205Stellendam buitengebied;0.02;0.87;0.02;0.09
BU19240502Den Bommel buitengebied;0.01;0.91;0.01;0.08
BU19241006Sommelsdijk buitengebied;0.04;0.87;0.03;0.06
BU19240705Dirksland buitengebied;0.02;0.88;0.03;0.06
BU19240903Herkingen buitengebied;0.03;0.80;0.01;0.16
BU19241103Nieuwe-Tonge buitengebied;0.02;0.81;0.02;0.15
BU19241202Stad aan 't Haringvliet buitengebied;0.01;0.86;0.02;0.11
BU19270700Wijngaarden;0.03;0.85;0.07;0.05
BU01530403Mekkelholt;0.10;0.47;0.41;0.01
BU19310011Verspr. huizen Lekkerkerk;0.03;0.83;0.10;0.05
BU19311203Zevender;0.02;0.75;0.06;0.18
BU19402401Mirns;0.10;0.81;0.02;0.07
BU19403601Rotstergaast;0.00;0.99;0.01;0.00
BU19403801Rottum;0.02;0.76;0.10;0.12
BU19404901Tjerkgaast;0.01;0.88;0.05;0.06
BU19450102Buitengebied Berg en Dal;0.04;0.75;0.15;0.06
BU19480103Buitengebied Boerdonk;0.00;0.89;0.00;0.11
BU19480204Buitengebied Broekkant;0.01;0.82;0.02;0.14
BU01191202Vogelbuurt;0.07;0.56;0.35;0.01
BU19480221Plein 1;0.13;0.47;0.37;0.03
BU19480306Buitengebied Olland;0.00;0.91;0.00;0.09
BU19490408Oosterbierum - Verspreide huizen;0.01;0.95;0.00;0.03
BU19490609Tzum - Verspreide huizen;0.00;0.95;0.01;0.05
BU19490607Achlum - Verspreide huizen;0.00;0.88;0.01;0.10
BU19491109Dronryp - Verspreide huizen;0.01;0.94;0.01;0.05
BU19500409Vlagtwedde;0.01;0.79;0.06;0.14
BU19500403Veele;0.01;0.91;0.04;0.04
BU00050006Noordwolde;0.04;0.76;0.20;0.00
BU08260505Paterserf;0.12;0.55;0.28;0.05
BU19520501Kiel-Windeweer;0.01;0.94;0.03;0.02
BU00100305Krewerd;0.02;0.87;0.11;0.00
BU00100309Bierum;0.00;0.90;0.07;0.04
BU00100205Wagenborgen;0.08;0.68;0.22;0.02
BU19521602Overschild Buitengebied;0.01;0.92;0.01;0.06
BU19521702Steendam;0.09;0.73;0.08;0.10
BU00140008Stationsgebied;0.06;0.42;0.39;0.14
BU00090001Garmerwolde;0.05;0.77;0.13;0.06
BU00140101Oosterpoort;0.10;0.45;0.41;0.04
BU19550008Braamt;0.06;0.81;0.01;0.12
BU00140102Herewegbuurt;0.09;0.51;0.34;0.06
BU00140103Rivierenbuurt;0.09;0.50;0.36;0.05
BU00090002Thesinge;0.10;0.74;0.15;0.01
BU00030000Appingedam-Centrum;0.13;0.53;0.32;0.02
BU00090003Sint-Annen;0.02;0.86;0.02;0.10
BU00340204Parkwijk;0.13;0.39;0.37;0.11
BU00340205Verzetswijk;0.14;0.40;0.37;0.10
BU00030001Appingedam-West;0.04;0.66;0.25;0.05
BU00050000Bedum;0.14;0.55;0.29;0.02
BU00050002Zuidwolde;0.09;0.69;0.15;0.07
BU00141105Het Witte Lam;0.00;0.90;0.06;0.04
BU00340212Muziekwijk Noord;0.14;0.46;0.34;0.06
BU00030002Appingedam-Oost;0.12;0.58;0.24;0.06
BU00090000Ten Boer;0.10;0.57;0.28;0.05
BU00100303Godlinze;0.05;0.79;0.16;0.00
BU00050001Bedum;0.01;0.84;0.04;0.11
BU00340206Waterwijk;0.13;0.41;0.38;0.08
BU00090106Lellens;0.05;0.88;0.08;0.00
BU00030007Damsterdiep en Eemskanaal;0.02;0.71;0.25;0.01
BU00050004Onderdendam;0.05;0.65;0.24;0.06
BU00560201Niehove;0.01;0.84;0.14;0.01
BU00050007Noordwolde;0.02;0.85;0.04;0.09
BU00340207Tussen de Vaarten Noord;0.14;0.48;0.28;0.10
BU00340208Tussen de Vaarten Zuid;0.13;0.48;0.33;0.07
BU00090005Achter-Thesinge en Bovenrijge;0.00;0.92;0.02;0.06
BU00090009ten noorden van het Eemskanaal;0.02;0.81;0.03;0.14
BU00030008ten zuiden van Eemskanaal;0.00;0.85;0.11;0.04
BU00030009ten noorden van het Damsterdiep;0.01;0.85;0.12;0.02
BU00100301Spijk;0.03;0.71;0.22;0.03
BU00090100Ten Post;0.05;0.73;0.17;0.06
BU00050005Onderdendam;0.00;0.82;0.09;0.09
BU00090101Winneweer (gedeeltelijk);0.06;0.94;0.00;0.00
BU00090102Woltersum;0.07;0.82;0.12;0.00
BU00050003Zuidwolde;0.03;0.81;0.02;0.14
BU00090104Wittewierum;0.00;0.93;0.03;0.03
BU00090109ten noorden van het Eemskanaal;0.01;0.93;0.00;0.05
BU00100000Delfzijl-Centrum;0.15;0.46;0.36;0.03
BU00100001Farmsum;0.11;0.65;0.17;0.07
BU00100005Tuikwerd;0.07;0.53;0.24;0.16
BU00100103Meedhuizen;0.07;0.75;0.18;0.00
BU00100104Uitwierde;0.06;0.79;0.12;0.02
BU00140100De Meeuwen;0.06;0.55;0.34;0.05
BU00100002Delfzijl-Noord;0.14;0.48;0.31;0.07
BU00100003Delfzijl-West;0.10;0.55;0.29;0.07
BU00140005Hortusbuurt-Ebbingekwartier;0.06;0.37;0.52;0.06
BU00140104Grunobuurt;0.11;0.51;0.34;0.05
BU04410407Callantsoog;0.04;0.76;0.13;0.06
BU00100004Fivelzigt;0.07;0.52;0.25;0.16
BU00100302Holwierde;0.08;0.66;0.22;0.03
BU00100200Woldendorp;0.10;0.66;0.24;0.00
BU00140007UMCG;0.03;0.52;0.30;0.15
BU00100202Termunterzijl;0.13;0.62;0.25;0.00
BU00340209Staatsliedenwijk;0.21;0.34;0.37;0.08
BU00100203Borgsweer;0.02;0.71;0.25;0.01
BU00100107Eemskanaal (ten zuiden);0.03;0.87;0.08;0.02
BU00100108Industrieterrein;0.13;0.77;0.03;0.07
BU00100201Termunten;0.05;0.73;0.20;0.01
BU00340210Kruidenwijk;0.12;0.45;0.32;0.11
BU00100304Losdorp;0.03;0.72;0.19;0.07
BU00100109in het noorden;0.04;0.57;0.07;0.32
BU00140001Binnenstad-Zuid;0.06;0.30;0.59;0.04
BU00140002Binnenstad-Oost;0.09;0.42;0.45;0.03
BU00140003Binnenstad-West;0.05;0.36;0.57;0.02
BU00140004Noorderplantsoen;0.04;0.35;0.38;0.24
BU00560109Grijpskerk;0.02;0.84;0.03;0.11
BU00100207Wagenborgen;0.02;0.83;0.08;0.07
BU00100209Termunten;0.02;0.86;0.07;0.05
BU00100300Bierum;0.02;0.72;0.25;0.02
BU00140000Binnenstad-Noord;0.10;0.28;0.62;0.00
BU00140105Badstratenbuurt;0.10;0.37;0.44;0.09
BU00140106Zeeheldenbuurt;0.07;0.55;0.30;0.07
BU00140107Laanhuizen;0.09;0.54;0.32;0.06
BU00140108Stadspark;0.05;0.60;0.29;0.06
BU00140109Martini Trade Park;0.03;0.72;0.17;0.08
BU00140200Oranjebuurt;0.07;0.42;0.44;0.08
BU00340211Stedenwijk;0.14;0.31;0.44;0.11
BU00140201Noorderplantsoenbuurt;0.08;0.44;0.46;0.02
BU00140202Schildersbuurt;0.08;0.46;0.42;0.05
BU00140203Kostverloren;0.04;0.50;0.42;0.04
BU00140300De Hoogte;0.10;0.51;0.34;0.04
BU00140301Indische buurt;0.10;0.40;0.45;0.05
BU00140302Professorenbuurt;0.11;0.43;0.41;0.06
BU00140400Gorechtbuurt;0.09;0.43;0.44;0.04
BU00140401Vogelbuurt;0.12;0.44;0.43;0.01
BU00140402Bloemenbuurt;0.14;0.39;0.45;0.02
BU00140403Florabuurt;0.07;0.44;0.45;0.04
BU00140404Damsterbuurt;0.08;0.55;0.26;0.10
BU00140500De Linie;0.04;0.65;0.28;0.03
BU00140501Europapark;0.04;0.49;0.39;0.09
BU19300702Groenewoud-Huur;0.04;0.39;0.57;0.00
BU00140502Eemskanaal;0.12;0.71;0.10;0.07
BU00140503Kop van Oost;0.12;0.57;0.24;0.07
BU00140504Woonschepenhaven;0.11;0.68;0.12;0.09
BU00140505Driebond;0.01;0.86;0.09;0.04
BU00140506Eemspoort;0.01;0.83;0.07;0.09
BU00140507Euvelgunne;0.02;0.83;0.09;0.06
BU00140703Van Swieten;0.01;0.54;0.28;0.16
BU00140601Coendersborg;0.06;0.46;0.45;0.03
BU04410408Sint Maartensvlotbrug;0.11;0.70;0.13;0.05
BU00140508Winschoterdiep;0.06;0.73;0.11;0.09
BU00140509Stainkoel'n;0.01;0.85;0.01;0.13
BU00140900Vinkhuizen-Noord;0.11;0.44;0.40;0.05
BU00140602Klein Martijn;0.03;0.63;0.23;0.11
BU00140809Bangeweer;0.02;0.60;0.12;0.26
BU00140510Roodehaan;0.00;0.94;0.02;0.04
BU00140511Waterhuizen;NULL;NULL;NULL;NULL
BU00140600Sterrebosbuurt;0.08;0.53;0.24;0.15
BU16900809Ruinen;0.00;0.88;0.02;0.10
BU00140902Hoendiep;0.07;0.72;0.16;0.05
BU00140603Villabuurt;0.01;0.54;0.38;0.07
BU00140604Helpman;0.07;0.50;0.42;0.02
BU00140605De Wijert;0.07;0.46;0.43;0.03
BU00141001Paddepoel-Zuid;0.11;0.42;0.39;0.07
BU00140606De Wijert-Zuid;0.08;0.61;0.25;0.05
BU00141002Paddepoel-Noord;0.11;0.45;0.38;0.06
BU00140700Corpus den Hoorn;0.11;0.50;0.31;0.08
BU00140810De Buitenhof;0.04;0.63;0.27;0.06
BU00140701Hoornse Meer;0.11;0.43;0.36;0.10
BU00140702Hoornse Park;0.00;0.64;0.29;0.07
BU00141211Ruischerwaard;0.11;0.47;0.28;0.14
BU00340213Muziekwijk Zuid;0.15;0.41;0.36;0.08
BU00340214Literatuurwijk;0.14;0.48;0.34;0.04
BU00140903Friesestraatweg;0.01;0.75;0.21;0.03
BU00140802Westpoort;0.00;0.88;0.03;0.09
BU00240203Toornwerd;0.02;0.74;0.24;0.00
BU00140804Zuidwending;0.00;0.94;0.01;0.05
BU00240209Middelstum;0.01;0.84;0.12;0.03
BU00140904Reitdiep;0.08;0.66;0.20;0.06
BU00141206Zilvermeer;0.00;0.59;0.23;0.19
BU00140704Piccardthof;0.01;0.81;0.10;0.09
BU00140705Bruilweering;0.05;0.83;0.01;0.11
BU00140901Vinkhuizen-Zuid;0.12;0.42;0.41;0.05
BU00140800Hoogkerk Dorp;0.06;0.63;0.27;0.04
BU17350207Stokkum;0.01;0.87;0.03;0.09
BU00140801Hoogkerk-Zuid;0.08;0.66;0.20;0.07
BU00140808Peizerweg;0.01;0.76;0.12;0.12
BU00240300't Zandt;0.11;0.54;0.33;0.02
BU00340309Regenboogbuurt;0.14;0.41;0.35;0.10
BU00140807Suikerfabriekterrein;0.01;0.92;0.02;0.04
BU00140803Vierverlaten;0.02;0.75;0.04;0.19
BU00340215Noorderplassen;0.14;0.52;0.24;0.11
BU00140811Kranenburg;0.09;0.79;0.05;0.06
BU00140805Leegkerk;0.03;0.78;0.01;0.18
BU00140806Gravenburg;0.00;0.59;0.25;0.15
BU02035780Buitengebied Garderen;0.04;0.82;0.04;0.10
BU00141104Noorderhoogebrug;0.02;0.85;0.06;0.07
BU00340310Indischebuurt;0.17;0.37;0.36;0.11
BU00140907Westpark;0.00;0.50;0.18;0.31
BU00140905Dorkwerd;0.00;0.83;0.04;0.13
BU00140906De Held;0.10;0.45;0.36;0.09
BU00141000Selwerd;0.05;0.45;0.42;0.07
BU00141003Zernike Campus;0.20;0.55;0.13;0.12
BU00141004Selwerderhof;0.03;0.32;0.60;0.05
BU00141005Tuinwijk;0.10;0.37;0.51;0.02
BU00141100Beijum-West;0.13;0.53;0.26;0.09
BU00141101Beijum-Oost;0.14;0.44;0.34;0.08
BU00530203Tinallinge;0.01;0.85;0.09;0.06
BU00530204Saaxumhuizen;0.00;1.00;0.00;0.00
BU00141102De Hunze;0.05;0.61;0.30;0.04
BU00141103Van Starkenborgh;0.05;0.60;0.30;0.04
BU00340311Eilandenbuurt;0.17;0.43;0.35;0.05
BU00150002Sebaldeburen;0.04;0.69;0.10;0.16
BU00141107Hunzeboord;0.01;0.58;0.16;0.25
BU00141200Lewenborg-Noord;0.17;0.40;0.39;0.04
BU00141201Lewenborg-Zuid;0.14;0.40;0.38;0.09
BU00220600Bebouwde kom Oostwold;0.06;0.63;0.28;0.03
BU00141106Koningslaagte;0.01;0.88;0.00;0.11
BU00340312Stripheldenbuurt;0.13;0.49;0.29;0.09
BU00340313Sieradenbuurt;0.07;0.58;0.22;0.13
BU00141202Lewenborg-West;0.11;0.45;0.31;0.14
BU00141203Oosterhoogebrug;0.09;0.63;0.20;0.08
BU00141404Tersluis;0.05;0.79;0.13;0.04
BU00340371Poldervlak;0.03;0.71;0.10;0.16
BU00530202Rasquert;0.05;0.71;0.24;0.00
BU00141204Ulgersmaborg;0.13;0.59;0.24;0.04
BU00141205Hunzepark;0.15;0.83;0.01;0.01
BU18920311Vijfakkers-Noord;0.18;0.48;0.30;0.04
BU00141207Kardinge;0.15;0.33;0.24;0.28
BU00141208Drielanden;0.08;0.43;0.32;0.18
BU00150301Oldekerk;0.08;0.64;0.17;0.11
BU00530209Baflo;0.01;0.93;0.04;0.02
BU00141209Noorddijk;0.02;0.55;0.02;0.41
BU00141210Ruischerbrug;0.01;0.68;0.17;0.13
BU02090141Beuningen-Aalsterveld;0.10;0.49;0.37;0.04
BU00141300Middelbert;0.06;0.83;0.02;0.08
BU00150009Overige verspreide huizen;0.00;0.85;0.05;0.10
BU00150309Oldekerk;0.01;0.86;0.01;0.12
BU00340372De Vaart;0.07;0.74;0.07;0.12
BU00340373Buitenvaart;0.01;0.84;0.01;0.13
BU00141302Klein Harkstede;0.02;0.84;0.00;0.13
BU00790202Westergeest;0.08;0.76;0.16;0.00
BU00150000Grootegast;0.10;0.60;0.22;0.08
BU00141406De Wierden;0.17;0.60;0.09;0.15
BU00141301Engelbert;0.02;0.85;0.06;0.07
BU00141400Meeroevers;0.11;0.58;0.25;0.06
BU00141401Harkstede GN;0.02;0.70;0.02;0.25
BU00240301Zeerijp;0.09;0.67;0.23;0.00
BU00150006Het Peebos;0.00;1.00;0.00;0.00
BU00141402Lageland GN;0.00;0.91;0.00;0.09
BU00150001Doezum;0.10;0.56;0.25;0.09
BU00170100Noordlaren;0.01;0.81;0.07;0.11
BU00340399Overig Almere Buiten;0.02;0.85;0.04;0.10
BU02090161Beuningen-Beuningse Plas;0.07;0.61;0.28;0.05
BU00150100Lutjegast;0.04;0.69;0.24;0.03
BU00150109Lutjegast;0.00;0.85;0.00;0.15
BU00340401Europakwartier;0.15;0.49;0.30;0.06
BU00150201Opende-Oost;0.03;0.77;0.00;0.20
BU00150007ten zuiden van Sebaldeburen;0.01;0.95;0.03;0.01
BU00150200Opende-West;0.09;0.66;0.16;0.09
BU00530300Adorp;0.03;0.60;0.29;0.08
BU02281002Hoogbouw-Zuid;0.12;0.53;0.28;0.07
BU00150202Kornhorn;0.08;0.66;0.24;0.02
BU00150209ten zuiden van Opende;0.09;0.85;0.02;0.04
BU00150300Niekerk;0.10;0.60;0.26;0.03
BU00340402Columbuskwartier;0.15;0.34;0.38;0.13
BU03170211Eemmeer-Eemnes;0.00;0.78;0.22;0.00
BU00170000Haren;0.07;0.63;0.25;0.05
BU00170001Oosterhaar;0.11;0.57;0.30;0.02
BU00170002Voorveld;0.04;0.69;0.08;0.19
BU00220101De Haspel;0.02;0.87;0.03;0.07
BU02090271Ewijk-Centrum;0.08;0.50;0.39;0.04
BU00150008ten zuiden van Grootegast;0.01;0.96;0.00;0.03
BU00170003Harenermolen;0.01;0.81;0.04;0.14
BU00170101Onnen;0.04;0.78;0.11;0.07
BU00220009Buitengebied ten zuiden van Leek;0.03;0.63;0.28;0.06
BU00220100Bebouwde kom Zevenhuizen;0.12;0.58;0.27;0.03
BU00220001Diepswal;0.01;0.81;0.12;0.06
BU00220003Rodenburg en omgeving;0.10;0.63;0.24;0.03
BU00170108Onner Esch;0.02;0.85;0.01;0.13
BU00170004Glimmen;0.05;0.67;0.18;0.10
BU00170005Hemmen;0.11;0.62;0.18;0.09
BU00240303Leermens;0.09;0.79;0.12;0.00
BU00170102Paterswolde (gedeeltelijk);0.24;0.49;0.13;0.14
BU01140200Roswinkel-Centrum;0.11;0.67;0.22;0.00
BU00220004Nienoordsrand;0.02;0.80;0.17;0.01
BU03610303Overdie-West;0.10;0.50;0.36;0.05
BU00170103Essen;0.00;0.96;0.01;0.03
BU00170106ten westen van Noord-Willemskanaal;0.12;0.56;0.12;0.20
BU00170109ten oosten van de Hondsrug;0.00;0.87;0.02;0.11
BU03530018De Tuinen;0.14;0.37;0.44;0.05
BU00170107op de Hondsrug;0.00;0.81;0.01;0.18
BU17000001Midden;0.11;0.59;0.27;0.02
BU00220002Centrum Leek en omgeving;0.10;0.63;0.23;0.04
BU00220107Buitengebied ten noorden van Zevenhuizen;0.00;0.83;0.05;0.12
BU00220008Buitengebied ten oosten van Leek;0.04;0.49;0.26;0.20
BU00240305Eenum;0.04;0.82;0.12;0.02
BU00470007Buitenwoel;0.08;0.64;0.09;0.19
BU00220102Drostinnewijk;0.00;0.84;0.08;0.08
BU00220103Boerenstreek;0.02;0.79;0.01;0.18
BU00220200Bebouwde kom Tolbert;0.06;0.67;0.18;0.09
BU00220201Sint Maheerdt;0.08;0.62;0.24;0.06
BU00220209Buitengebied Tolbert;0.03;0.93;0.03;0.02
BU00240309't Zandt;0.02;0.81;0.14;0.03
BU00220400Bebouwde kom Midwolde;0.07;0.58;0.30;0.04
BU00220401Pasop;0.00;0.99;0.00;0.00
BU03170213Eempolder;0.01;0.92;0.02;0.05
BU09831301De Tichelarij;0.06;0.59;0.35;0.00
BU00220700Bebouwde kom Enumatil;0.02;0.78;0.16;0.04
BU00220108Buitengebied ten oosten van Zevenhuizen;0.00;0.88;0.01;0.11
BU00240000Loppersum;0.10;0.59;0.28;0.03
BU00370101Maarsstee;0.11;0.51;0.32;0.05
BU00220409Buitengebied Midwolde;0.03;0.84;0.05;0.08
BU00220500Bebouwde kom Lettelbert;0.00;0.95;0.00;0.04
BU00240304Oosterwijtwerd;0.07;0.87;0.03;0.03
BU00220709Buitengebied Enumatil;0.00;0.97;0.00;0.03
BU00560300Aduard;0.06;0.63;0.28;0.02
BU00220509Buitengebied Lettelbert;0.01;0.88;0.01;0.10
BU00808103Mantgum;0.06;0.65;0.28;0.01
BU00220109Buitengebied ten westen van Zevenhuizen;0.00;0.95;0.02;0.02
BU00250008in het noordwesten;0.00;0.94;0.00;0.05
BU00808104Buitengebied Mantgum;0.00;0.85;0.01;0.13
BU02090306Weurt-Buitengebied Zuid;0.08;0.68;0.01;0.22
BU00220609Buitengebied-Oostwold;0.00;1.00;0.00;0.00
BU00240001Garrelsweer;0.07;0.74;0.19;0.00
BU00240002Wirdum;0.06;0.71;0.22;0.01
BU00240003Wirdumerdraai;0.05;0.89;0.07;0.00
BU00530101Feerwerd;0.06;0.83;0.08;0.03
BU00340599Overig Almere Hout;0.01;0.89;0.04;0.06
BU00240005Winneweer (gedeeltelijk);0.00;0.74;0.26;0.00
BU00240302Zijldijk;0.08;0.69;0.23;0.00
BU00240102Garsthuizen (gedeeltelijk);0.03;0.78;0.18;0.01
BU00240109Stedum inclusief Startenhuizen;0.00;0.79;0.15;0.05
BU00240200Middelstum;0.09;0.53;0.37;0.01
BU00240201Westerwijtwerd;0.05;0.84;0.11;0.00
BU00240202Huizinge;0.02;0.89;0.08;0.00
BU00250009in het noordoosten;0.01;0.89;0.00;0.10
BU00250000Marum;0.05;0.76;0.15;0.03
BU00240008Eemskanaal en Damsterdiep;0.00;0.71;0.29;0.00
BU03170212Eemnes-Dorp;0.17;0.42;0.38;0.04
BU00250002Nuis;0.03;0.88;0.05;0.04
BU00250003Niebert;0.01;0.88;0.03;0.08
BU00250004Boerakker;0.05;0.77;0.15;0.02
BU00240009ten noorden van het Damsterdiep;0.02;0.69;0.21;0.07
BU00240100Stedum;0.06;0.54;0.40;0.00
BU00240101Westeremden;0.05;0.74;0.19;0.02
BU00340699Overig Almere Pampus;0.03;0.65;0.10;0.22
BU00470200Wildervank;0.05;0.74;0.16;0.05
BU00250100De Wilp (gedeeltelijk);0.08;0.67;0.24;0.01
BU00250101Wilpstervaart;0.00;0.86;0.00;0.14
BU01140206Oude Schuttingskanaal;0.01;0.99;0.00;0.00
BU00530301Sauwerd;0.06;0.64;0.24;0.05
BU00250007De Haar;0.00;0.75;0.00;0.24
BU00340110Overgooi;0.01;0.68;0.15;0.15
BU00250104Jonkersvaart;0.00;0.80;0.04;0.15
BU00340171De Steiger;0.09;0.60;0.20;0.11
BU00340173Stichtsekant;0.00;0.86;0.02;0.12
BU00250005Lucaswolde;0.00;0.99;0.00;0.01
BU00250006Noordwijk;0.06;0.70;0.15;0.09
BU00530302Wetsinge;0.04;0.73;0.01;0.22
BU00530309Adorp;0.02;0.77;0.05;0.16
BU00340199Overig Almere Haven;0.03;0.61;0.10;0.25
BU07380300Eethen;0.09;0.68;0.21;0.01
BU00250102Keuningswijk;0.00;0.94;0.00;0.06
BU00250108ten noorden van Jonkersvaart;0.00;0.97;0.00;0.03
BU00470005Veendam-Sorghvliet;0.09;0.59;0.27;0.06
BU00250109ten noorden van de Wilp;0.00;0.83;0.00;0.17
BU00340101Centrum Almere Haven;0.19;0.32;0.45;0.04
BU00340102De Werven;0.14;0.40;0.35;0.10
BU00340103De Hoven;0.14;0.34;0.40;0.12
BU00340104De Meenten;0.13;0.42;0.31;0.14
BU00340105De Grienden;0.12;0.36;0.39;0.14
BU00340106De Marken;0.11;0.42;0.34;0.12
BU00340107De Gouwen;0.10;0.56;0.29;0.05
BU00340108De Wierden;0.13;0.42;0.37;0.08
BU00340109De Velden;0.08;0.54;0.25;0.13
BU00370103Maarsveld;0.12;0.53;0.22;0.12
BU00340271Randstad;0.22;0.51;0.14;0.12
BU00340473Lagekant;0.00;0.84;0.16;0.00
BU00340499Overig Almere Poort;0.00;0.90;0.03;0.07
BU00340502Vogelhorst;0.00;0.85;0.06;0.09
BU00340403Homeruskwartier;0.13;0.51;0.32;0.03
BU00340404Olympiakwartier;0.35;0.54;0.05;0.07
BU00340405Duin;0.07;0.71;0.13;0.09
BU00340471Hogekant;0.20;0.65;0.10;0.05
BU00340472Middenkant;0.00;0.60;0.14;0.26
BU07360108Mijdrecht Buitengebied;0.03;0.82;0.02;0.14
BU00340503Nobelhorst;0.08;0.65;0.21;0.07
BU00370401Kopstukken;0.04;0.84;0.07;0.06
BU00370402Vledderveen;0.01;0.74;0.11;0.14
BU03610403Bergerhof en Blaeustraatkwartier;0.12;0.53;0.26;0.08
BU02130609Eerbeek;0.01;0.83;0.09;0.07
BU00370100Stadskanaal Centrum;0.18;0.47;0.29;0.06
BU01470007Tichelkamp;0.09;0.56;0.33;0.02
BU00560001Noordhorn;0.04;0.75;0.17;0.04
BU00370102Maarswold;0.10;0.58;0.25;0.08
BU00370104De Hagen;0.13;0.42;0.37;0.08
BU00370105Vogelwijk en De Borgen;0.04;0.65;0.15;0.15
BU00470100Borgercompagnie (gedeeltelijk);0.03;0.79;0.02;0.17
BU00370106Industriegebied Vleddermond;0.03;0.83;0.04;0.10
BU00530000Winsum;0.11;0.61;0.27;0.01
BU00370107Dideldom;0.04;0.76;0.18;0.02
BU00560002Niezijl;0.05;0.73;0.12;0.10
BU00370108Parkwijk;0.08;0.60;0.32;0.01
BU00370409Mussel Buitengebied;0.01;0.91;0.06;0.02
BU03520002Frankenhof;0.18;0.42;0.32;0.08
BU00370109Stadskanaal Noord Landskant;0.03;0.74;0.22;0.02
BU00470101Ommelanderwijk;0.04;0.83;0.08;0.05
BU00560200Oldehove;0.08;0.64;0.27;0.01
BU00470203Wildervanksterdallen;0.00;1.00;0.00;0.00
BU03170215Goyergracht;0.06;0.87;0.06;0.01
BU08280607Witte Hoef;0.00;0.86;0.06;0.08
BU00370110Stadskanaal Noord Centrum;0.10;0.62;0.23;0.06
BU00530002Ripperda;0.10;0.56;0.30;0.04
BU03170214Polder te Veen;0.01;0.98;0.01;0.01
BU00370112Waterland;0.03;0.84;0.11;0.03
BU00470006Veendam-industriegebied;0.02;0.88;0.03;0.07
BU16761400Noordwelle;0.08;0.69;0.23;0.00
BU00370111Stadskanaal Noord;0.05;0.74;0.11;0.10
BU16990630Peize Noord;0.00;0.85;0.01;0.13
BU00560000Zuidhorn;0.11;0.60;0.24;0.05
BU00470001Veendam-Oude Ae;0.08;0.60;0.29;0.03
BU00470004Veendam-Zuid;0.09;0.55;0.30;0.06
BU00370200Musselkanaal Centrum;0.10;0.58;0.28;0.03
BU00530001Obergum;0.18;0.57;0.24;0.01
BU00370201Musselkanaal Zuid;0.07;0.61;0.28;0.03
BU02090491Winssen-Centrum;0.05;0.67;0.23;0.05
BU00370202Musselkanaal Noord;0.04;0.74;0.17;0.05
BU00470102Zuidwending;0.03;0.76;0.01;0.20
BU00370203Ceresdorp;0.07;0.72;0.17;0.04
BU00470109Verspreide huizen;0.03;0.86;0.01;0.09
BU00370300Onstwedde;0.09;0.65;0.20;0.06
BU00370301Holte;0.03;0.57;0.12;0.28
BU00370308Onstwedde Buitengebied Noord;0.01;0.81;0.01;0.17
BU00470201Boven-Wildervank;0.02;0.84;0.14;0.01
BU00370400Mussel;0.04;0.72;0.11;0.13
BU00500010Horstenparc;0.02;0.93;0.01;0.04
BU00370309Onstwedde Buitengebied Zuid;0.00;0.84;0.00;0.15
BU00500009Trekkersveld;0.10;0.84;0.01;0.05
BU02130314Oeken;0.00;0.97;0.00;0.03
BU00370500Alteveer;0.05;0.66;0.27;0.02
BU00500003Derde woonwijk;0.12;0.49;0.31;0.09
BU03170216Heidehoek;0.03;0.97;0.00;0.00
BU00470002Veendam-Middenweg en omgeving;0.07;0.71;0.15;0.07
BU00470003Veendam en omgeving station;0.10;0.59;0.27;0.04
BU00370509Alteveer Buitengebied;0.00;0.94;0.00;0.05
BU00470000Veendam-Centrum;0.10;0.54;0.31;0.05
BU00560100Grijpskerk;0.06;0.65;0.23;0.06
BU00470202Bareveld;0.04;0.74;0.15;0.08
BU00530102Garnwerd;0.09;0.67;0.24;0.00
BU00500004Buurt 4;0.09;0.58;0.23;0.10
BU00500005Buurt 5;0.03;0.83;0.03;0.11
BU00500006Zuidlob;0.04;0.76;0.08;0.12
BU00530109Ezinge;0.00;0.89;0.02;0.09
BU00530200Baflo;0.06;0.68;0.25;0.01
BU00470209Verspreide huizen;0.03;0.88;0.01;0.07
BU00500000Centrum;0.15;0.41;0.41;0.04
BU00500001Eerste woonwijk;0.13;0.42;0.36;0.08
BU00500002Tweede woonwijk;0.10;0.50;0.30;0.10
BU00530201Den Andel;0.03;0.72;0.25;0.00
BU00500007Middengebied;0.00;0.85;0.00;0.15
BU00500008Knardijkgebied;0.09;0.78;0.06;0.07
BU03170219Zuidbuurt;0.14;0.51;0.30;0.05
BU00530003Potmaar;0.06;0.75;0.19;0.00
BU00530004De Brake;0.06;0.72;0.20;0.01
BU00560003Briltil;0.09;0.71;0.19;0.01
BU00560009Zuidhorn;0.01;0.87;0.04;0.08
BU00530009Winsum;0.01;0.86;0.03;0.11
BU00530100Ezinge;0.11;0.69;0.20;0.00
BU00560203Saaksum;0.02;0.69;0.20;0.09
BU00560204Lauwerzijl;0.03;0.62;0.29;0.07
BU00560208Ruigezand en Nieuwe Ruigezand;0.03;0.84;0.01;0.13
BU00560209Overige verspreide huizen;0.01;0.90;0.02;0.07
BU03211010Oude Dorp;0.13;0.50;0.36;0.01
BU00560102Visvliet;0.04;0.76;0.18;0.02
BU00560103Kommerzijl;0.07;0.56;0.34;0.03
BU00560104Pieterzijl;0.09;0.63;0.15;0.13
BU00560301Den Horn;0.07;0.66;0.24;0.03
BU00560302Den Ham;0.02;0.67;0.26;0.05
BU00560309Aduard;0.01;0.83;0.01;0.16
BU00580000Dokkum binnen de Bolwerken;0.09;0.50;0.38;0.03
BU00580502Nes;0.08;0.67;0.24;0.01
BU00801007Zaailand;0.05;0.28;0.66;0.01
BU00580001Dokkum Noord;0.13;0.58;0.25;0.04
BU00600003Hollum;0.12;0.83;0.02;0.03
BU00580002Dokkum Fonteinslanden;0.11;0.50;0.33;0.06
BU00580003Dokkum Fugellan;0.10;0.53;0.31;0.06
BU00600007Ballum;0.02;0.88;0.05;0.06
BU01530405Voortman-Amelink;0.06;0.68;0.16;0.10
BU00580004Dokkum Betterwird;0.05;0.87;0.01;0.07
BU03630611Anjeliersbuurt Zuid;0.15;0.43;0.42;0.00
BU00580005Dokkum Hoedemakerspolder;0.19;0.50;0.27;0.03
BU00580503Moddergat;0.17;0.71;0.13;0.00
BU00580006Dokkum De Woudhorne;0.23;0.57;0.16;0.04
BU00580008Dokkum Weeshuislanden;0.10;0.59;0.25;0.07
BU00580506Ternaard;0.01;0.94;0.00;0.05
BU00801002Nieuwestad;0.01;0.38;0.61;0.00
BU00580007De Trije Terpen;0.17;0.66;0.13;0.05
BU00580507Wierum;0.07;0.93;0.00;0.00
BU00801008Stationskwartier;0.14;0.29;0.47;0.09
BU00580009Dokkum Jantjeszeepolder;0.14;0.47;0.27;0.12
BU00580010Dokkum Kooilanden;0.15;0.70;0.09;0.06
BU00580101Jouswier;0.00;0.84;0.00;0.16
BU03270006Bosveld;0.09;0.54;0.24;0.13
BU00580103Wetsens;0.02;0.83;0.00;0.14
BU00600002Ballum;0.10;0.81;0.02;0.08
BU03211014Hoeven;0.16;0.44;0.34;0.07
BU00580102Niawier;0.06;0.61;0.24;0.08
BU00580508Nes;0.04;0.95;0.01;0.01
BU00580011Dokkum Hogedijken;0.08;0.79;0.06;0.07
BU00580100Metslawier;0.07;0.60;0.32;0.00
BU03610302Overdie-Oost;0.12;0.40;0.44;0.04
BU00580400Oosternijkerk;0.09;0.61;0.28;0.02
BU00580104Aalsum;0.02;0.81;0.00;0.16
BU00580105Oostrum;0.12;0.87;0.01;0.00
BU00580107Metslawier;0.01;0.87;0.05;0.07
BU00580108Niawier;0.00;0.91;0.00;0.08
BU00580200Ee;0.10;0.55;0.34;0.00
BU03211011Oorden;0.12;0.41;0.38;0.09
BU00580401Paesens;0.07;0.68;0.24;0.01
BU01143200Weiteveen;0.07;0.67;0.18;0.09
BU00580201Engwierum;0.03;0.65;0.17;0.15
BU00580307Anjum;0.04;0.93;0.01;0.03
BU03211013Gaarden;0.14;0.43;0.35;0.08
BU00808109Jorwert;0.04;0.89;0.06;0.00
BU00580202Dokkumer Nieuwe Zijlen;0.09;0.67;0.11;0.13
BU07570100Lennisheuvel;0.04;0.62;0.30;0.04
BU00580109Oostrum;0.08;0.70;0.00;0.23
BU00808110Buitengebied Jorwert;0.00;0.95;0.00;0.05
BU01580053Wolferink 3;0.08;0.54;0.35;0.03
BU00580300Anjum;0.07;0.61;0.32;0.00
BU00580301Lioessens;0.04;0.62;0.34;0.00
BU00580302Morra;0.07;0.85;0.04;0.04
BU00580303Oostmahorn;0.21;0.60;0.15;0.03
BU00580309Morra;0.03;0.96;0.00;0.01
BU00580208Ee;0.01;0.89;0.01;0.09
BU00580209Engwierum;0.02;0.78;0.01;0.20
BU00801101Tulpenburg;0.10;0.53;0.30;0.07
BU00580308Lioessens;0.03;0.97;0.00;0.00
BU00790100Burum;0.16;0.63;0.21;0.00
BU00580500Ternaard;0.08;0.63;0.29;0.01
BU00600008Nes;0.08;0.59;0.13;0.20
BU00580501Wierum;0.09;0.64;0.25;0.02
BU00600009Hollum;0.03;0.81;0.11;0.05
BU03211016Poorten;0.17;0.48;0.26;0.08
BU00580600Holwerd;0.09;0.57;0.32;0.02
BU00590000Buitenpost;0.10;0.62;0.23;0.05
BU00580408Oosternijkerk;0.03;0.88;0.00;0.09
BU00580409Paesens;0.00;0.91;0.05;0.04
BU00580700Hantum;0.11;0.70;0.19;0.00
BU03211050Rondweg Noord-West;0.00;0.92;0.05;0.03
BU00808111Hilaard;0.08;0.73;0.19;0.00
BU00580509Moddergat;0.06;0.88;0.06;0.00
BU00580701Hantumhuizen;0.07;0.83;0.10;0.00
BU00580601Waaxens;0.00;0.97;0.02;0.00
BU00580602Brantgum;0.06;0.68;0.19;0.08
BU00801102Oranjewijk;0.16;0.51;0.31;0.03
BU00580603Foudgum;0.02;0.96;0.02;0.00
BU03211017Slagen;0.13;0.43;0.38;0.06
BU00720005Koningsbuurt;0.03;0.82;0.09;0.06
BU17140209Aardenburg;0.02;0.91;0.00;0.07
BU00580604Bornwird;0.01;0.90;0.02;0.06
BU03211018Borchen;0.16;0.51;0.30;0.02
BU03211019Campen;0.16;0.45;0.32;0.07
BU00580605Raard;0.03;0.90;0.03;0.05
BU00580608Holwerd;0.13;0.75;0.04;0.07
BU00720001De Spiker en het industrieterrein Hermes;0.11;0.58;0.31;0.00
BU00580609Brantgum;0.00;1.00;0.00;0.00
BU00804102De Zwette I Harlingervaart;0.25;0.56;0.09;0.10
BU00590001Twijzel;0.07;0.76;0.09;0.08
BU00720002Trebolbuurt;0.08;0.52;0.31;0.10
BU00720003Plan-Zuid;0.15;0.54;0.26;0.05
BU03637102Papaverweg e.o.;0.16;0.50;0.25;0.09
BU00590103Augustinusga;0.06;0.67;0.24;0.03
BU00590100Stroobos;0.05;0.82;0.12;0.00
BU00580702Hantumeruitburen;0.00;0.88;0.00;0.12
BU00590102Drogeham;0.05;0.72;0.20;0.04
BU00590203Boelenslaan;0.06;0.68;0.23;0.03
BU01470004Dikkerslaan-Molenkampsweg en omgeving;0.10;0.58;0.27;0.05
BU00580703Hiaure;0.00;0.88;0.00;0.12
BU00590002Kootstertille;0.07;0.68;0.21;0.04
BU00720004Oosterpark;0.10;0.58;0.29;0.03
BU00580708Hantum;0.02;0.80;0.03;0.15
BU00580709Hantumhuizen;0.01;0.94;0.05;0.00
BU00590003Twijzelerheide;0.07;0.70;0.22;0.01
BU00590004Gerkesklooster;0.10;0.66;0.24;0.01
BU00590005Buitenpost;0.01;0.87;0.03;0.09
BU00590006Twijzel;0.00;0.71;0.03;0.26
BU00590007Kootstertille;0.03;0.88;0.02;0.07
BU00590109Augustinusga;0.01;0.89;0.01;0.09
BU03211128Bermen;0.10;0.40;0.40;0.10
BU00590008Twijzelerheide;0.00;0.88;0.00;0.11
BU00590009Gerkesklooster;0.01;0.95;0.01;0.04
BU00590107Stroobos;0.00;0.99;0.01;0.00
BU00590108Drogeham;0.01;0.94;0.01;0.04
BU00590200Surhuisterveen;0.09;0.62;0.23;0.07
BU00590201Harkema;0.07;0.68;0.23;0.02
BU00590202Surhuizum;0.04;0.71;0.19;0.06
BU00600000Nes;0.09;0.75;0.07;0.09
BU00600001Buren;0.04;0.64;0.15;0.17
BU01140208Roswinkelerstraat;0.00;0.79;0.07;0.14
BU01530402Roombeek-Roomveldje;0.11;0.44;0.43;0.03
BU00808105Weidum;0.07;0.68;0.21;0.04
BU00740101Centrum;0.17;0.39;0.42;0.03
BU00590206Surhuisterveen;0.02;0.81;0.01;0.16
BU00740100Noord;0.12;0.68;0.17;0.03
BU00804108EnergieCampus Sylsterrak;0.01;0.95;0.04;0.00
BU00740701Haskerdijken;0.01;0.85;0.04;0.10
BU00590207Harkema;0.00;0.85;0.03;0.12
BU00590208Surhuizum;0.02;0.89;0.00;0.10
BU01140209Roswinkel;0.00;0.94;0.02;0.04
BU03211129Akkers;0.13;0.47;0.34;0.06
BU00790201Triemen;0.01;0.86;0.05;0.08
BU00740103Nijehaske;0.12;0.52;0.28;0.09
BU00808106Buitengebied Weidum;0.00;0.72;0.00;0.27
BU00590209Boelenslaan;0.01;0.97;0.00;0.02
BU00808107Jellum;0.04;0.78;0.04;0.14
BU00808108Bears;0.03;0.84;0.04;0.09
BU00720006Binnenstad;0.17;0.52;0.29;0.02
BU04000403Kleine Rivierenbuurt;0.10;0.41;0.37;0.12
BU00720007Industriehaven en omgeving;0.02;0.97;0.01;0.00
BU00720009Harlingen;0.00;0.94;0.00;0.06
BU00720100Midlum;0.04;0.67;0.25;0.04
BU16990130Buitengebied Roden Zuid;0.01;0.86;0.05;0.08
BU00720109Midlum;0.09;0.82;0.01;0.08
BU00720200Wijnaldum;0.06;0.60;0.34;0.00
BU00740102Midden;0.13;0.51;0.33;0.04
BU01190002Koninginnebuurt;0.12;0.55;0.32;0.01
BU00930316Lies;0.01;0.93;0.02;0.04
BU00720209Wijnaldum;0.00;0.89;0.00;0.10
BU00740601Oranjewoud;0.05;0.77;0.10;0.07
BU00740104De Greiden;0.12;0.45;0.34;0.08
BU00740105De Heide;0.06;0.68;0.12;0.14
BU00740702Nieuwebrug;0.01;0.90;0.02;0.07
BU00740901Akkrum;0.05;0.78;0.12;0.05
BU00740902Nes;0.02;0.85;0.11;0.02
BU00740107Skoatterwald;0.10;0.61;0.18;0.10
BU00740903Aldeboarn;0.03;0.72;0.14;0.11
BU00802003Cambuursterpad;0.14;0.49;0.33;0.04
BU00740106De Akkers;0.20;0.57;0.20;0.03
BU03270005Munnikhove;0.12;0.50;0.26;0.12
BU03610104Emmakwartier;0.23;0.45;0.32;0.00
BU00801003Oldehove;0.06;0.32;0.57;0.06
BU00790301Zwagerbosch;0.06;0.72;0.21;0.00
BU00808112Buitengebied Hilaard;0.00;0.91;0.01;0.08
BU00808113Húns;0.00;0.82;0.01;0.17
